 050685,
 050697,
 050698,
 050699,
 050700,
 050701,
 050702,
 050703,
 050704,
 050705,
 050706,
 050707,
 050709,
 050710,
 050712,
 050715,
 050716,
 050726,
 050727,
 050728,
 050729,
 050733,
 050737,
 050738,
 050739,
 050740,
 050741,
 050742,
 050743,
 050744,
 050745,
 050746,
 050750,
 050751,
 050752,
 050753,
 050754,
 050755,
 050756,
 050757,
 050758,
 050759,
 050768,
 050770,
 050771,
 050772,
 050773,
 050774,
 050775,
 050783,
 050784,
 050785,
 050786,
 050787,
 050797,
 050798,
 050799,
 050801,
 050802,
 050804,
 050806,
 050807,
 050808,
 050809,
 050810,
 050811,
 050812,
 050813,
 050814,
 050815,
 050816,
 050817,
 050835,
 050836,
 050837,
 050838,
 050839,
 050840,
 050841,
 050847,
 050856,
 050857,
 050858,
 050859,
 050860,
 050864,
 050904,
 050905,
 050907,
 050908,
 050909,
 050911,
 050913,
 050914,
 050915,
 050916,
 050917,
 050919,
 050927,
 050928,
 050929,
 050930,
 050931,
 050932,
 050933,
 050934,
 050935,
 050936,
 050937,
 050939,
 050940,
 050941,
 050942,
 050943,
 050944,
 050945,
 050946,
 050947,
 050948,
 050950,
 050951,
 050952,
 050955,
 050956,
 050958,
 050959,
 050961,
 050979,
 050980,
 050981,
 050982,
 050983,
 050984,
 050985,
 050986,
 050987,
 051017,
 051018,
 051019,
 051020,
 051027,
 051028,
 051029,
 051030,
 051031,
 051032,
 051033,
 051034,
 051035,
 051037,
 051038,
 051039,
 051040,
 051041,
 051045,
 051046,
 051047,
 051048,
 051049,
 051050,
 051051,
 051052,
 051053,
 051054,
 051055,
 051056,
 051057,
 051058,
 051059,
 051060,
 051061,
 051062,
 051063,
 051064,
 051065,
 051066,
 051067,
 051068,
 051069,
 051070,
 051071,
 051072,
 051073,
 051074,
 051075,
 051076,
 051077,
 051078,
 051079,
 051095,
 051096,
 051097,
 051098,
 051099,
 051100,
 051101,
 051114,
 051115,
 051116,
 051117,
 051118,
 051119,
 051140,
 051142,
 051143,
 051145,
 051150,
 051151,
 051152,
 051153,
 051154,
 051155,
 051156,
 051157,
 051158,
 051159,
 051160,
 051161,
 051162,
 051163,
 051164,
 051165,
 051166,
 051167,
 051169,
 051170,
 051171,
 051172,
 051173,
 051174,
 051175,
 051176,
 051177,
 051178,
 051179,
 051192,
 051193,
 051194,
 051195,
 051196,
 051198,
 051199,
 051200,
 051201,
 051202,
 051203,
 051204,
 051205,
 051209,
 051210,
 051212,
 051213,
 051214,
 051224,
 051225,
 051226,
 051227,
 051228,
 051233,
 051234,
 051235,
 051236,
 051237,
 051248,
 051249,
 051250,
 051251,
 051252,
 051253,
 051254,
 051256,
 051260,
 051261,
 051262,
 051263,
 051264,
 051265,
 051266,
 051267,
 051268,
 051269,
 051270,
 051271,
 051272,
 051273,
 051282,
 051283,
 051284,
 051285,
 051286,
 051287,
 051288,
 051289,
 051290,
 051291,
 051292,
 051293,
 051295,
 051296,
 051302,
 051303,
 051304,
 051305,
 051306,
 051309,
 051310,
 051311,
 051312,
 051313,
 051314,
 051315,
 051316,
 051317,
 051318,
 051319,
 051321,
 051322,
 051323,
 051324,
 051325,
 051326,
 051327,
 051328,
 051329,
 051331,
 051332,
 051333,
 051335,
 051336,
 051337,
 051362,
 051363,
 051364,
 051365,
 051366,
 051367,
 051368,
 051369,
 051384,
 051386,
 051387,
 051388,
 051389,
 051390,
 051391,
 051392,
 051393,
 051394,
 051395,
 051396,
 051397,
 051398,
 051399,
 051400,
 051401,
 051402,
 051408,
 051409,
 051410,
 051426,
 051427,
 051431,
 051432,
 051433,
 051434,
 051435,
 051436,
 051437,
 051438,
 051440,
 051441,
 051442,
 051443,
 051444,
 051445,
 051446,
 051447,
 051448,
 051449,
 051450,
 051451,
 051453,
 051454,
 051455,
 051456,
 051457,
 051497,
 051498,
 051499,
 051500,
 051502,
 051503,
 051504,
 051505,
 051506,
 051507,
 051508,
 051510,
 051511,
 051512,
 051513,
 051514,
 051515,
 051516,
 051517,
 051518,
 051519,
 051520,
 051521,
 051522,
 051523,
 051524,
 051537,
 051539,
 051540,
 051542,
 051543,
 051544,
 051545,
 051558,
 051559,
 051560,
 051561,
 051562,
 051563,
 051564,
 051565,
 051566,
 051567,
 051568,
 051569,
 051570,
 051571,
 051572,
 051573,
 051574,
 051575,
 051576,
 051577,
 051578,
 051579,
 051580,
 051581,
 051582,
 051583,
 051585,
 051586,
 051587,
 051589,
 051590,
 051591,
 051592,
 051593,
 051594,
 051595,
 051596,
 051597,
 051598,
 051599,
 051600,
 051601,
 051602,
 051603,
 051618,
 051619,
 051628,
 051629,
 051630,
 051631,
 051632,
 051633,
 051634,
 051635,
 051636,
 051637,
 051638,
 051683,
 051685,
 051686,
 051687,
 051722,
 051723,
 051724,
 051725,
 051726,
 051727,
 051728,
 051729,
 051730,
 051731,
 051732,
 051733,
 051734,
 051735,
 051748,
 051749,
 051762,
 051763,
 051764,
 051765,
 051766,
 051767,
 051768,
