030274
,030276
,030277
,030279
,030280
,030281
,030282
,030283
,030284
,030285
,030286
,030298
,030299
,030300
,030320
,030321
,030322
,030323
,030324
,030326
,030327
,030329
,030330
,030331
,030332
,030343
,030344
,030345
,030346
,030347
,030348
,030349
,030350
,030351
,030352
,030355
,030361
,030380
,030381
,030383
,030384
,030385
,030386
,030387
,030388
,030389
,030390
,030401
,030402
,030403
,030404
,030405
,030406
,030407
,030408
,030409
,030410
,030411
,030420
,030421
,030422
,030424
,030428
,030429
,030431
,030432
,030433
,030434
,030436
,030437
,030441
,030442
,030446
,030447
,030448
,030449
,030450
,030451
,030452
,030453
,030454
,030455
,030459
,030460
,030461
,030462
,030463
,030464
,030465
,030466
,030467
,030468
,030469
,030470
,030471
,030473
,030474
,030477
,030480
,030481
,030482
,030484
,030485
,030486
,030487
,030488
,030489
,030490
,030493
,030494
,030495
,030496
,030497
,030499
,030567
,030568
,030570
,030571
,030575
,030577
,030578
,030579
,030580
,030581
,030582
,030586
,030587
,030589
,030590
,030591
,030592
,030593
,030595
,030596
,030597
,030598
,030600
,030602
,030607
,030608
,030610
,030611
,030612
,030614
,030616
,030618
,030620
,030621
,030622
,030623
,030624
,030625
,030626
,030627
,030629
,030630
,030632
,030633
,030634
,030635
,030636
,030637
,030638
,030639
,030641
,030642
,030643
,030648
,030649
,030650
,030651
,030652
,030653
,030654
,030655
,030656
,030657
,030658
,030659
,030660
,030666
,030667
,030668
,030672
,030673
,030674
,030675
,030676
,030677
,030678
,030679
,030680
,030682
,030684
,030686
,030687
,030688
,030690
,030693
,030694
,030695
,030696
,030697
,030698
,030699
,030701
,030730
,030731
,030732
,030733
,030734
,030735
,030736
,030737
,030738
,030739
,030740
,030741
,030742
,030743
,030744
,030745
,030749
,030754
,030769
,030770
,030778
,030779
,030780
,030783
,030784
,030785
,030787
,030788
,030796
,030797
,030800
,030801
,030802
,030803
,030804
,030805
,030807
,030808
,030809
,030810
,030811
,030812
,030813
,030815
,030816
,030818
,030821
,030822
,030823
,030824
,030826
,030827
,030829
,030830
,030833
,030834
,030835
,030836
,030838
,030839
,030840
,030841
,030842
,030843
,030844
,030847
,030848
,030855
,030856
,030857
,030858
,030859
,030888
,030889
,030890
,030891
,030893
,030895
,030896
,030898
,030899
,030900
,030902
,030903
,030920
,030923
,030924
,030926
,030927
,030928
,030929
,030930
,030947
,030951
,030952
,030953
,030954
,030955
,030956
,030957
,030958
,030959
,030961
,030962
,030963
,030964
,030965
,030966
,030980
,030981
,030982
,030992
,030993
,030994
,030995
,030996
,030998
,030999
,031000
,031001
,031002
,031003
,031004
,031005
,031018
,031023
,031029
,031031
,031032
,031034
,031036
,031046
,031049
,031050
,031051
,031052
,031053
,031054
,031055
,031056
,031057
hd_root
Psi_vs_ 
