 061321 
 061322 
 061323 
 061325 
 061327 
 061329 
 061330 
 061331 
 061332 
 061333 
 061334 
 061335 
 061336 
 061337 
 061340 
 061341 
 061342 
 061343 
 061344 
 061345 
 061346 
 061347 
 061348 
 061349 
 061350 
 061352 
 061353 
 061354 
 061357 
 061358 
 061359 
 061360 
 061361 
 061362 
 061363 
 061364 
 061365 
 061366 
 061367 
 061368 
 061369 
 061370 
 061371 
 061372 
 061373 
 061374 
 061375 
 061377 
 061378 
 061379 
 061391 
 061434 
 061435 
 061436 
 061437 
 061439 
 061441 
 061442 
 061443 
 061444 
 061446 
 061447 
 061462 
 061465 
 061466 
 061467 
 061468 
 061469 
 061470 
 061471 
 061472 
 061473 
 061474 
 061475 
 061476 
 061477 
 061478 
 061479 
 061480 
 061481 
 061482 
 061483 
 061484 
 061485 
 061486 
 061487 
 061488 
 061489 
 061490 
 061491 
 061493 
 061494 
 061495 
 061496 
 061497 
 061498 
 061499 
 061500 
 061501 
 061502 
 061503 
 061504 
 061505 
 061506 
 061507 
 061508 
 061509 
 061510 
 061511 
 061512 
 061513 
 061514 
 061515 
 061516 
 061517 
 061518 
 061519 
 061522 
 061523 
 061524 
 061525 
 061526 
 061527 
 061528 
 061529 
 061530 
 061531 
 061532 
 061533 
 061534 
 061537 
 061538 
 061539 
 061546 
 061547 
 061548 
 061549 
 061550 
 061551 
 061553 
 061554 
 061555 
 061556 
 061557 
 061558 
 061559 
 061560 
 061561 
 061562 
 061563 
 061564 
 061565 
 061566 
 061567 
 061568 
 061576 
 061577 
 061578 
 061579 
 061580 
 061581 
 061582 
 061583 
 061584 
 061585 
 061602 
 061603 
 061606 
 061607 
 061608 
 061609 
 061610 
 061611 
 061621 
 061622 
 061624 
 061626 
 061627 
 061628 
 061629 
 061630 
 061631 
 061632 
 061634 
 061635 
 061636 
 061637 
 061638 
 061639 
 061640 
 061642 
 061643 
 061644 
 061645 
 061646 
 061647 
 061648 
 061649 
 061650 
 061651 
 061652 
 061654 
 061655 
 061656 
 061657 
 061658 
 061659 
 061660 
 061661 
 061662 
 061663 
 061664 
 061668 
 061669 
 061670 
 061671 
 061672 
 061673 
 061686 
 061687 
 061690 
 061691 
 061692 
 061694 
 061695 
 061697 
 061698 
 061699 
 061700 
 061701 
 061702 
 061703 
 061704 
 061705 
 061706 
 061707 
 061709 
 061710 
 061711 
 061712 
 061713 
 061715 
 061717 
 061718 
 061719 
 061720 
 061722 
 061723 
 061727 
 061728 
 061729 
 061731 
 061732 
 061734 
 061735 
 061736 
 061737 
 061738 
 061739 
 061740 
 061741 
 061742 
 061743 
 061744 
 061745 
 061746 
 061747 
 061748 
 061749 
 061750 
 061751 
 061752 
 061753 
 061754 
 061755 
 061756 
 061757 
 061758 
 061759 
 061760 
 061763 
 061764 
 061765 
 061766 
 061767 
 061768 
 061769 
 061771 
 061772 
 061774 
 061775 
 061777 
 061778 
 061779 
 061780 
 061781 
 061782 
 061783 
 061785 
 061786 
 061788 
 061789 
 061790 
 061791 
 061792 
 061793 
 061794 
 061795 
 061796 
 061797 
 061798 
 061799 
 061800 
 061802 
 061803 
 061804 
 061805 
 061806 
 061807 
 061808 
 061809 
 061810 
 061811 
 061812 
 061813 
 061814 
 061815 
 061816 
 061817 
 061818 
 061821 
 061823 
 061825 
 061826 
 061827 
 061828 
 061829 
 061830 
 061831 
 061832 
 061833 
 061834 
 061835 
 061836 
 061837 
 061838 
 061839 
 061840 
 061841 
 061842 
 061843 
 061844 
 061845 
 061846 
 061847 
 061848 
 061849 
 061850 
 061852 
 061854 
 061858 
 061859 
 061860 
 061861 
 061862 
 061863 
 061866 
 061867 
 061868 
 061874 
 061875 
 061876 
 061877 
 061878 
 061879 
 061880 
 061881 
 061882 
 061883 
 061884 
 061885 
 061887 
 061888 
 061889 
 061890 
 061891 
 061892 
 061893 
 061894 
 061895 
 061905 
 061906 
 061908 
 061909 
 061910 
 061914 
 061915 
 061916 
 061917 
 061918 
 061930 
 061931 
 061933 
 061934 
 061935 
 061936 
 061937 
 061938 
 061939 
 061947 
 061950 
 061951 
 061952 
 061953 
 061954 
 061955 
 061956 
