,040856 
,040857 
,040858 
,040859 
,040860 
,040861 
,040865 
,040869 
,040881 
,040883 
,040884 
,040893 
,040894 
,040895 
,040896 
,040902 
,040907 
,040911 
,040915 
,040931 
,040933 
,040934 
,040941 
,040943 
,040945 
,040946 
,040947 
,040948 
,040949 
,040950 
,040951 
,040967 
,040968 
,040975 
,040978 
,040981 
,040982 
,040984 
,040985 
,040986 
,040987 
,040988 
,040992 
,040993 
,040994 
,040995 
,040996 
,040997 
,040999 
,041000 
,041002 
,041003 
,041005 
,041006 
,041007 
,041008 
,041041 
,041044 
,041046 
,041048 
,041069 
,041070 
,041073 
,041074 
,041075 
,041077 
,041078 
,041079 
,041080 
,041084 
,041085 
,041088 
,041089 
,041097 
,041099 
,041100 
,041102 
,041106 
,041107 
,041108 
,041110 
,041111 
,041112 
,041113 
,041114 
,041116 
,041117 
,041118 
,041119 
,041120 
,041122 
,041124 
,041128 
,041130 
,041131 
,041132 
,041133 
,041134 
,041135 
,041136 
,041137 
,041138 
,041139 
,041141 
,041142 
,041143 
,041144 
,041145 
,041147 
,041148 
,041149 
,041150 
,041151 
,041152 
,041172 
,041173 
,041174 
,041175 
,041178 
,041180 
,041186 
,041187 
,041197 
,041202 
,041203 
,041204 
,041205 
,041206 
,041207 
,041208 
,041209 
,041210 
,041211 
,041212 
,041213 
,041214 
,041215 
,041216 
,041217 
,041218 
,041220 
,041221 
,041222 
,041225 
,041245 
,041246 
,041247 
,041249 
,041250 
,041251 
,041252 
,041253 
,041254 
,041255 
,041256 
,041257 
,041258 
,041259 
,041260 
,041261 
,041264 
,041265 
,041267 
,041268 
,041273 
,041274 
,041275 
,041276 
,041280 
,041282 
,041287 
,041288 
,041290 
,041291 
,041292 
,041293 
,041294 
,041295 
,041373 
,041374 
,041376 
,041378 
,041379 
,041380 
,041383 
,041384 
,041385 
,041386 
,041388 
,041425 
,041426 
,041427 
,041428 
,041429 
,041430 
,041432 
,041433 
,041434 
,041435 
,041440 
,041441 
,041442 
,041444 
,041445 
,041447 
,041450 
,041451 
,041452 
,041453 
,041454 
,041455 
,041456 
,041457 
,041458 
,041461 
,041465 
,041466 
,041467 
,041469 
,041470 
,041471 
,041472 
,041473 
,041474 
,041475 
,041477 
,041479 
,041482 
,041483 
,041484 
,041485 
,041486 
,041487 
,041488 
,041489 
,041490 
,041491 
,041492 
,041493 
,041494 
,041495 
,041496 
,041499 
,041508 
,041509 
,041510 
,041511 
,041528 
,041530 
,041531 
,041541 
,041542 
,041543 
,041544 
,041545 
,041546 
,041548 
,041564 
,041565 
,041566 
,041570 
,041571 
,041572 
,041573 
,041574 
,041575 
,041576 
,041577 
,041578 
,041579 
,041580 
,041581 
,041582 
,041583 
,041584 
,041585 
,041586 
,041590 
,041592 
,041598 
,041605 
,041606 
,041607 
,041609 
,041624 
,041627 
,041628 
,041629 
,041630 
,041632 
,041831 
,041832 
,041833 
,041834 
,041835 
,041836 
,041860 
,041862 
,041863 
,041864 
,041871 
,041872 
,041873 
,041874 
,041876 
,041877 
,041878 
,041879 
,041880 
,041884 
,041885 
,041886 
,041887 
,041888 
,041889 
,041896 
,041897 
,041898 
,041917 
,041918 
,041919 
,041920 
,041936 
,041938 
,041941 
,041942 
,041956 
,041976 
,041977 
,041978 
,041979 
,041980 
,041985 
,041989 
,042006 
,042007 
,042009 
,042010 
,042011 
,042012 
,042013 
,042014 
,042015 
,042016 
,042017 
,042027 
,042028 
,042029 
,042030 
,042031 
,042032 
,042033 
,042034 
,042037 
,042038 
,042039 
,042040 
,042041 
,042043 
,042044 
,042045 
,042055 
,042056 
,042057 
,042058 
,042059 
,042075 
,042076 
,042077 
,042080 
,042101 
,042102 
,042103 
,042104 
,042117 
,042118 
,042119 
,042120 
,042121 
,042122 
,042123 
,042124 
,042125 
,042132 
,042133 
,042134 
,042135 
,042137 
,042138 
,042144 
,042145 
,042146 
,042147 
,042149 
,042150 
,042151 
,042153 
,042154 
,042155 
,042156 
,042157 
,042158 
,042173 
,042182 
,042183 
,042184 
,042185 
,042186 
,042187 
,042188 
,042193 
,042221 
,042234 
,042236 
,042237 
,042239 
,042241 
,042242 
,042243 
,042245 
,042246 
,042247 
,042248 
,042249 
,042250 
,042251 
,042252 
,042253 
,042254 
,042255 
,042256 
,042257 
,042258 
,042259 
,042260 
,042261 
,042262 
,042263 
,042264 
,042265 
,042266 
,042267 
,042268 
,042269 
,042270 
,042271 
,042272 
,042273 
,042274 
,042276 
,042277 
,042278 
,042279 
,042280 
,042281 
,042282 
,042320 
,042321 
,042322 
,042323 
,042346 
,042347 
,042348 
,042349 
,042350 
,042351 
,042352 
,042374 
,042381 
,042382 
,042383 
,042384 
,042385 
,042386 
,042387 
,042388 
,042389 
,042390 
,042395 
,042397 
,042398 
,042399 
,042400 
,042401 
,042402 
,042403 
,042404 
,042420 
,042421 
,042422 
,042423 
,042424 
,042425 
,042426 
,042427 
,042428 
,042429 
,042432 
,042433 
,042434 
,042436 
,042437 
,042438 
,042439 
,042442 
,042443 
,042444 
,042445 
,042446 
,042447 
,042448 
,042457 
,042459 
,042460 
,042480 
,042481 
,042482 
,042483 
,042484 
,042485 
,042486 
,042495 
,042496 
,042500 
,042501 
,042502 
,042503 
,042504 
,042505 
,042506 
,042507 
,042512 
,042513 
,042514 
,042545 
,042546 
,042547 
,042550 
,042551 
,042552 
,042553 
,042554 
,042555 
,042556 
,042557 
,042558 
,042559 
